{'transl': tensor([[-0.0078,  0.1077,  0.0111]], device='cuda:0', requires_grad=True), 'global_orient': tensor([[[[ 0.9910, -0.0937,  0.0957],
          [-0.1038, -0.9889,  0.1067],
          [ 0.0846, -0.1157, -0.9897]]]], device='cuda:0', requires_grad=True), 'body_pose': tensor([[[[ 9.9451e-01, -8.6289e-02, -5.9113e-02],
          [ 1.0419e-01,  8.6687e-01,  4.8752e-01],
          [ 9.1760e-03, -4.9100e-01,  8.7111e-01]],

         [[ 9.9315e-01,  9.9004e-02,  6.2017e-02],
          [-1.1668e-01,  8.6667e-01,  4.8505e-01],
          [-5.7266e-03, -4.8897e-01,  8.7228e-01]],

         [[ 9.9536e-01,  8.1011e-02,  5.2009e-02],
          [-5.4647e-02,  9.2023e-01, -3.8754e-01],
          [-7.9255e-02,  3.8289e-01,  9.2039e-01]],

         [[ 9.7748e-01,  1.1191e-01, -1.7892e-01],
          [-2.1102e-01,  5.0638e-01, -8.3609e-01],
          [-2.9647e-03,  8.5502e-01,  5.1859e-01]],

         [[ 9.9395e-01, -9.8337e-02,  4.8915e-02],
          [ 8.7359e-02,  4.3792e-01, -8.9476e-01],
          [ 6.6567e-02,  8.9362e-01,  4.4386e-01]],

         [[ 9.9131e-01, -1.2623e-01, -3.7044e-02],
          [ 1.2421e-01,  9.9086e-01, -5.2620e-02],
          [ 4.3348e-02,  4.7561e-02,  9.9793e-01]],

         [[ 9.9189e-01, -5.3278e-03,  1.2699e-01],
          [-1.6083e-02,  9.8583e-01,  1.6697e-01],
          [-1.2608e-01, -1.6766e-01,  9.7775e-01]],

         [[ 9.8032e-01,  6.5741e-03, -1.9729e-01],
          [ 2.9092e-02,  9.8372e-01,  1.7733e-01],
          [ 1.9524e-01, -1.7959e-01,  9.6417e-01]],

         [[ 9.9733e-01,  5.1310e-03,  7.2851e-02],
          [-5.1113e-03,  9.9999e-01, -4.5660e-04],
          [-7.2853e-02,  8.3021e-05,  9.9734e-01]],

         [[ 9.7187e-01, -1.0243e-01,  2.1209e-01],
          [ 6.8491e-02,  9.8448e-01,  1.6159e-01],
          [-2.2535e-01, -1.4252e-01,  9.6380e-01]],

         [[ 9.9560e-01,  2.2868e-02,  9.0886e-02],
          [-3.2748e-02,  9.9353e-01,  1.0875e-01],
          [-8.7811e-02, -1.1125e-01,  9.8991e-01]],

         [[ 9.9113e-01,  6.4803e-02,  1.1601e-01],
          [-6.5507e-02,  9.9785e-01,  2.2632e-03],
          [-1.1561e-01, -9.8423e-03,  9.9325e-01]],

         [[ 9.7242e-01,  2.1991e-01,  7.7705e-02],
          [-1.9760e-01,  9.5379e-01, -2.2636e-01],
          [-1.2389e-01,  2.0476e-01,  9.7094e-01]],

         [[ 9.9544e-01, -8.7651e-02, -3.7529e-02],
          [ 8.3705e-02,  9.9183e-01, -9.6220e-02],
          [ 4.5656e-02,  9.2640e-02,  9.9465e-01]],

         [[ 9.9996e-01,  8.3149e-03, -4.1230e-03],
          [-8.6836e-03,  9.9501e-01, -9.9390e-02],
          [ 3.2760e-03,  9.9422e-02,  9.9504e-01]],

         [[ 6.7997e-01,  6.8825e-01, -2.5288e-01],
          [-7.2170e-01,  6.8914e-01, -6.4987e-02],
          [ 1.2955e-01,  2.2670e-01,  9.6531e-01]],

         [[ 5.6890e-01, -7.6367e-01,  3.0523e-01],
          [ 8.2224e-01,  5.3557e-01, -1.9255e-01],
          [-1.6429e-02,  3.6051e-01,  9.3261e-01]],

         [[-5.5540e-01, -3.9039e-01, -7.3425e-01],
          [-2.3073e-01,  9.2063e-01, -3.1496e-01],
          [ 7.9893e-01, -5.5176e-03, -6.0139e-01]],

         [[-5.5456e-01,  3.2129e-01,  7.6762e-01],
          [ 1.3454e-01,  9.4494e-01, -2.9831e-01],
          [-8.2120e-01, -6.2154e-02, -5.6725e-01]],

         [[ 9.4875e-01, -2.4044e-01, -2.0511e-01],
          [ 2.2105e-01,  9.6869e-01, -1.1307e-01],
          [ 2.2587e-01,  6.1939e-02,  9.7219e-01]],

         [[ 9.7840e-01,  1.4878e-01,  1.4354e-01],
          [-1.2858e-01,  9.8162e-01, -1.4103e-01],
          [-1.6188e-01,  1.1953e-01,  9.7954e-01]]]], device='cuda:0',
       requires_grad=True), 'betas': tensor([[-0.9317,  1.1433,  0.0810,  0.0943,  0.1847,  1.7912,  0.8289,  1.0835,
         -1.6657,  0.9829]], device='cuda:0', requires_grad=True), 'left_hand_pose': tensor([[[[ 0.9966,  0.0803, -0.0177],
          [-0.0778,  0.9906,  0.1125],
          [ 0.0265, -0.1107,  0.9935]],

         [[ 0.9932,  0.1113,  0.0350],
          [-0.1080,  0.9905, -0.0846],
          [-0.0440,  0.0803,  0.9958]],

         [[ 0.9953, -0.0967, -0.0098],
          [ 0.0966,  0.9952, -0.0142],
          [ 0.0111,  0.0132,  0.9999]],

         [[ 0.9723,  0.2327, -0.0232],
          [-0.2273,  0.9637,  0.1399],
          [ 0.0550, -0.1308,  0.9899]],

         [[ 0.9953, -0.0908, -0.0347],
          [ 0.0881,  0.9933, -0.0747],
          [ 0.0412,  0.0713,  0.9966]],

         [[ 0.9987, -0.0257,  0.0444],
          [ 0.0183,  0.9868,  0.1610],
          [-0.0479, -0.1599,  0.9860]],

         [[ 0.9789,  0.1963, -0.0575],
          [-0.1789,  0.9578,  0.2252],
          [ 0.0993, -0.2101,  0.9726]],

         [[ 0.9906,  0.0155, -0.1357],
          [-0.0514,  0.9628, -0.2653],
          [ 0.1266,  0.2698,  0.9546]],

         [[ 0.9726, -0.0244,  0.2312],
          [-0.0286,  0.9744,  0.2230],
          [-0.2307, -0.2235,  0.9470]],

         [[ 0.9608,  0.2697, -0.0649],
          [-0.2666,  0.9623,  0.0535],
          [ 0.0768, -0.0341,  0.9965]],

         [[ 0.9879, -0.1379, -0.0715],
          [ 0.1412,  0.9890,  0.0443],
          [ 0.0646, -0.0538,  0.9965]],

         [[ 0.9925,  0.0650,  0.1034],
          [-0.0672,  0.9976,  0.0178],
          [-0.1020, -0.0246,  0.9945]],

         [[ 0.9956,  0.0617,  0.0706],
          [-0.0702,  0.9896,  0.1256],
          [-0.0621, -0.1300,  0.9896]],

         [[ 0.9914, -0.1103,  0.0703],
          [ 0.1179,  0.9864, -0.1147],
          [-0.0567,  0.1220,  0.9909]],

         [[ 0.9985, -0.0403,  0.0378],
          [ 0.0409,  0.9991, -0.0136],
          [-0.0372,  0.0151,  0.9992]]]], device='cuda:0', requires_grad=True), 'right_hand_pose': tensor([[[[ 0.9933,  0.0150,  0.1150],
          [-0.0260,  0.9952,  0.0944],
          [-0.1130, -0.0968,  0.9889]],

         [[ 0.9192, -0.3917,  0.0410],
          [ 0.3816,  0.8600, -0.3389],
          [ 0.0975,  0.3272,  0.9399]],

         [[ 0.9215,  0.3614,  0.1421],
          [-0.3858,  0.8937,  0.2290],
          [-0.0443, -0.2658,  0.9630]],

         [[ 0.9860, -0.1107,  0.1243],
          [ 0.0998,  0.9909,  0.0906],
          [-0.1332, -0.0769,  0.9881]],

         [[ 0.9980, -0.0097, -0.0619],
          [ 0.0098,  1.0000,  0.0017],
          [ 0.0618, -0.0023,  0.9981]],

         [[ 0.9992, -0.0216,  0.0341],
          [ 0.0229,  0.9990, -0.0377],
          [-0.0332,  0.0384,  0.9987]],

         [[ 0.9735, -0.0740,  0.2164],
          [ 0.0388,  0.9859,  0.1626],
          [-0.2254, -0.1498,  0.9627]],

         [[ 0.9623, -0.2640,  0.0654],
          [ 0.2712,  0.9136, -0.3030],
          [ 0.0203,  0.3093,  0.9507]],

         [[ 0.9492,  0.2852, -0.1328],
          [-0.2085,  0.8864,  0.4133],
          [ 0.2356, -0.3646,  0.9008]],

         [[ 0.9809, -0.1547,  0.1179],
          [ 0.1726,  0.9717, -0.1615],
          [-0.0896,  0.1788,  0.9798]],

         [[ 0.9861,  0.1109,  0.1234],
          [-0.1383,  0.9602,  0.2425],
          [-0.0915, -0.2562,  0.9623]],

         [[ 0.9561, -0.0489, -0.2890],
          [ 0.0612,  0.9976,  0.0337],
          [ 0.2866, -0.0499,  0.9567]],

         [[ 0.9885, -0.1479, -0.0316],
          [ 0.1467,  0.9885, -0.0376],
          [ 0.0368,  0.0326,  0.9988]],

         [[ 0.9274,  0.3359, -0.1648],
          [-0.3474,  0.9366, -0.0458],
          [ 0.1390,  0.0997,  0.9853]],

         [[ 0.9357, -0.3182,  0.1521],
          [ 0.3088,  0.9475,  0.0829],
          [-0.1705, -0.0306,  0.9849]]]], device='cuda:0', requires_grad=True), 'jaw_pose': tensor([[[[ 0.9996, -0.0284,  0.0063],
          [ 0.0280,  0.9978,  0.0595],
          [-0.0080, -0.0593,  0.9982]]]], device='cuda:0', requires_grad=True), 'leye_pose': tensor([[[0., 0., 0.]]], device='cuda:0', requires_grad=True), 'reye_pose': tensor([[[0., 0., 0.]]], device='cuda:0', requires_grad=True), 'expression': tensor([[ 0.2253,  1.0831,  0.6080, -0.5471, -1.6874, -1.2238, -0.3980, -0.4771,
          1.2542,  0.7436]], device='cuda:0', requires_grad=True), 'vertices': tensor([[[ 0.0209, -0.8755, -0.2122],
         [ 0.0252, -0.8747, -0.2115],
         [ 0.0259, -0.8759, -0.2112],
         ...,
         [-0.0546, -0.8459, -0.3119],
         [-0.0530, -0.8474, -0.3107],
         [-0.0511, -0.8487, -0.3098]]], device='cuda:0', requires_grad=True), 'joints': tensor([[[-6.1947e-03, -2.7017e-01,  3.2944e-02],
         [ 5.9694e-02, -1.8296e-01,  6.8132e-02],
         [-5.8125e-02, -1.5824e-01,  5.1836e-02],
         [-2.3009e-02, -3.8966e-01,  6.3790e-02],
         [ 2.1404e-01,  1.6917e-01, -8.1456e-02],
         [-9.8845e-02,  2.0189e-01, -9.7895e-02],
         [-6.1387e-03, -5.2477e-01, -8.0381e-03],
         [ 1.7442e-01,  5.0319e-01,  2.1617e-01],
         [-7.6221e-02,  5.2030e-01,  2.3467e-01],
         [-1.7672e-02, -5.5987e-01, -6.1579e-02],
         [ 2.3693e-01,  6.1958e-01,  1.2312e-01],
         [-1.2202e-01,  6.4924e-01,  1.4253e-01],
         [-4.9558e-02, -7.2046e-01, -1.2896e-01],
         [ 1.7664e-02, -6.3825e-01, -9.1691e-02],
         [-7.5460e-02, -6.2349e-01, -1.0204e-01],
         [-2.2279e-02, -8.5445e-01, -2.2509e-01],
         [ 1.6581e-01, -7.0458e-01, -7.0769e-02],
         [-2.2173e-01, -6.4656e-01, -1.3556e-01],
         [ 2.4038e-01, -5.5919e-01,  1.5737e-01],
         [-3.2591e-01, -4.5028e-01,  4.9604e-02],
         [ 1.2272e-01, -4.7813e-01, -8.8726e-02],
         [-1.2407e-01, -4.1281e-01, -1.3344e-01],
         [-4.4995e-02, -8.5358e-01, -2.2536e-01],
         [ 1.8212e-02, -8.5407e-01, -3.0145e-01],
         [-4.5171e-02, -8.4247e-01, -3.1915e-01],
         [ 4.9900e-02, -4.8491e-01, -1.7834e-01],
         [ 3.0253e-02, -4.8667e-01, -2.0715e-01],
         [ 1.4764e-02, -4.8041e-01, -2.2515e-01],
         [ 6.4388e-02, -4.6822e-01, -1.9500e-01],
         [ 4.6077e-02, -4.5970e-01, -2.2164e-01],
         [ 3.1697e-02, -4.5263e-01, -2.4196e-01],
         [ 1.0060e-01, -4.3063e-01, -1.8130e-01],
         [ 9.4004e-02, -4.1729e-01, -1.9721e-01],
         [ 8.6539e-02, -4.0748e-01, -2.1410e-01],
         [ 8.5482e-02, -4.4768e-01, -1.9058e-01],
         [ 6.8232e-02, -4.3900e-01, -2.1525e-01],
         [ 5.4638e-02, -4.3118e-01, -2.3598e-01],
         [ 7.0332e-02, -4.8322e-01, -1.1182e-01],
         [ 4.6359e-02, -5.0455e-01, -1.2264e-01],
         [ 2.2967e-02, -5.1110e-01, -1.3757e-01],
         [-3.2631e-02, -4.3841e-01, -1.9859e-01],
         [-9.1979e-03, -4.4993e-01, -2.2177e-01],
         [ 1.3647e-02, -4.4717e-01, -2.3036e-01],
         [-3.5362e-02, -4.1702e-01, -2.1594e-01],
         [-1.0083e-02, -4.1876e-01, -2.3775e-01],
         [ 1.0779e-02, -4.1635e-01, -2.5287e-01],
         [-5.9721e-02, -3.6971e-01, -2.0703e-01],
         [-4.4901e-02, -3.6249e-01, -2.2127e-01],
         [-2.9894e-02, -3.5512e-01, -2.3383e-01],
         [-4.8949e-02, -3.9058e-01, -2.1434e-01],
         [-2.5388e-02, -3.8990e-01, -2.3498e-01],
         [-4.9954e-03, -3.8894e-01, -2.5107e-01],
         [-6.9923e-02, -4.3240e-01, -1.4012e-01],
         [-4.8534e-02, -4.5855e-01, -1.4243e-01],
         [-2.6104e-02, -4.7174e-01, -1.5409e-01],
         [ 3.1415e-03, -7.8872e-01, -3.2957e-01],
         [-4.1375e-02, -8.3498e-01, -3.2930e-01],
         [ 2.5538e-02, -8.4835e-01, -3.1067e-01],
         [-1.1264e-01, -8.5783e-01, -2.4279e-01],
         [ 2.9999e-02, -8.8700e-01, -2.0852e-01],
         [ 2.2639e-01,  6.5247e-01,  4.0626e-02],
         [ 2.8006e-01,  6.2633e-01,  1.1108e-01],
         [ 1.8415e-01,  5.1285e-01,  2.9490e-01],
         [-7.2306e-02,  6.7485e-01,  7.6220e-02],
         [-1.5453e-01,  6.6061e-01,  1.2690e-01],
         [-7.6046e-02,  5.3550e-01,  3.1613e-01],
         [-4.2406e-03, -5.2564e-01, -1.5718e-01],
         [ 3.0153e-04, -4.7708e-01, -2.4565e-01],
         [ 1.8314e-02, -4.4735e-01, -2.6595e-01],
         [ 4.3269e-02, -4.2416e-01, -2.5824e-01],
         [ 8.0857e-02, -3.9730e-01, -2.3179e-01],
         [-2.4116e-03, -4.9785e-01, -1.5978e-01],
         [ 3.2369e-02, -4.5202e-01, -2.4583e-01],
         [ 3.0647e-02, -4.1729e-01, -2.7154e-01],
         [ 1.0923e-02, -3.8514e-01, -2.6922e-01],
         [-1.6459e-02, -3.4821e-01, -2.5091e-01],
         [-7.9740e-02, -8.4879e-01, -3.1775e-01],
         [-6.5256e-02, -8.5758e-01, -3.3898e-01],
         [-4.7109e-02, -8.5607e-01, -3.4916e-01],
         [-2.8507e-02, -8.5282e-01, -3.5062e-01],
         [-1.4033e-02, -8.4980e-01, -3.4578e-01],
         [ 4.4512e-03, -8.5309e-01, -3.4002e-01],
         [ 1.7477e-02, -8.6107e-01, -3.3751e-01],
         [ 3.0543e-02, -8.6994e-01, -3.2793e-01],
         [ 3.9754e-02, -8.7567e-01, -3.1041e-01],
         [ 4.3262e-02, -8.7083e-01, -2.8390e-01],
         [-3.5761e-03, -8.3645e-01, -3.3643e-01],
         [-7.0022e-04, -8.2033e-01, -3.3708e-01],
         [ 1.8411e-03, -8.0776e-01, -3.3789e-01],
         [ 4.1609e-03, -7.9513e-01, -3.3716e-01],
         [-1.5822e-02, -7.9498e-01, -3.1516e-01],
         [-8.4831e-03, -7.9152e-01, -3.1530e-01],
         [-1.4051e-03, -7.8972e-01, -3.1397e-01],
         [ 4.3377e-03, -7.9404e-01, -3.1197e-01],
         [ 8.8953e-03, -8.0001e-01, -3.0821e-01],
         [-5.7034e-02, -8.3778e-01, -3.2399e-01],
         [-4.5050e-02, -8.3831e-01, -3.3225e-01],
         [-3.5453e-02, -8.3932e-01, -3.3030e-01],
         [-2.8166e-02, -8.3733e-01, -3.2310e-01],
         [-3.5226e-02, -8.3256e-01, -3.2491e-01],
         [-4.5561e-02, -8.3108e-01, -3.2600e-01],
         [ 8.4468e-03, -8.4450e-01, -3.1238e-01],
         [ 1.7730e-02, -8.4917e-01, -3.1509e-01],
         [ 2.6602e-02, -8.5144e-01, -3.1255e-01],
         [ 3.2470e-02, -8.5440e-01, -2.9974e-01],
         [ 2.5869e-02, -8.4463e-01, -3.0617e-01],
         [ 1.6465e-02, -8.4269e-01, -3.1006e-01],
         [-2.9145e-02, -7.7264e-01, -2.9752e-01],
         [-1.9367e-02, -7.7376e-01, -3.0785e-01],
         [-7.5171e-03, -7.7519e-01, -3.1094e-01],
         [-1.8176e-04, -7.7543e-01, -3.0919e-01],
         [ 6.7445e-03, -7.7795e-01, -3.0715e-01],
         [ 1.5145e-02, -7.8104e-01, -2.9837e-01],
         [ 1.9468e-02, -7.8228e-01, -2.8421e-01],
         [ 1.6493e-02, -7.7262e-01, -2.8976e-01],
         [ 7.9444e-03, -7.6456e-01, -2.9668e-01],
         [ 8.3675e-04, -7.6261e-01, -2.9837e-01],
         [-6.4772e-03, -7.6143e-01, -3.0068e-01],
         [-1.9793e-02, -7.6459e-01, -3.0031e-01],
         [-2.8607e-02, -7.7308e-01, -2.9700e-01],
         [-9.2382e-03, -7.7359e-01, -3.0199e-01],
         [-2.4020e-03, -7.7476e-01, -3.0017e-01],
         [ 4.3799e-03, -7.7638e-01, -2.9866e-01],
         [ 1.9217e-02, -7.8225e-01, -2.8425e-01],
         [ 6.5150e-03, -7.7352e-01, -2.9716e-01],
         [-6.2853e-04, -7.7178e-01, -2.9982e-01],
         [-8.1285e-03, -7.7054e-01, -3.0152e-01],
         [-1.0620e-01, -8.6448e-01, -2.7775e-01],
         [-1.0593e-01, -8.4701e-01, -2.6549e-01],
         [-1.0421e-01, -8.2793e-01, -2.5247e-01],
         [-9.9291e-02, -8.0793e-01, -2.4481e-01],
         [-8.7015e-02, -7.8466e-01, -2.4766e-01],
         [-6.7833e-02, -7.6368e-01, -2.5554e-01],
         [-4.7318e-02, -7.4902e-01, -2.6064e-01],
         [-2.3207e-02, -7.3708e-01, -2.6685e-01],
         [-3.6917e-03, -7.3564e-01, -2.6505e-01],
         [ 1.2996e-02, -7.4358e-01, -2.6060e-01],
         [ 2.7815e-02, -7.6545e-01, -2.4618e-01],
         [ 3.6690e-02, -7.8405e-01, -2.4159e-01],
         [ 4.2576e-02, -8.0245e-01, -2.4276e-01],
         [ 4.4954e-02, -8.1784e-01, -2.5104e-01],
         [ 4.5032e-02, -8.2931e-01, -2.6667e-01],
         [ 4.6368e-02, -8.4720e-01, -2.7013e-01],
         [ 4.4669e-02, -8.6325e-01, -2.7688e-01]]], device='cuda:0',
       requires_grad=True), 'full_pose': tensor([[[[ 9.9100e-01, -9.3680e-02,  9.5665e-02],
          [-1.0378e-01, -9.8886e-01,  1.0669e-01],
          [ 8.4604e-02, -1.1566e-01, -9.8968e-01]],

         [[ 9.9451e-01, -8.6289e-02, -5.9113e-02],
          [ 1.0419e-01,  8.6687e-01,  4.8752e-01],
          [ 9.1760e-03, -4.9100e-01,  8.7111e-01]],

         [[ 9.9315e-01,  9.9004e-02,  6.2017e-02],
          [-1.1668e-01,  8.6667e-01,  4.8505e-01],
          [-5.7266e-03, -4.8897e-01,  8.7228e-01]],

         [[ 9.9536e-01,  8.1011e-02,  5.2009e-02],
          [-5.4647e-02,  9.2023e-01, -3.8754e-01],
          [-7.9255e-02,  3.8289e-01,  9.2039e-01]],

         [[ 9.7748e-01,  1.1191e-01, -1.7892e-01],
          [-2.1102e-01,  5.0638e-01, -8.3609e-01],
          [-2.9647e-03,  8.5502e-01,  5.1859e-01]],

         [[ 9.9395e-01, -9.8337e-02,  4.8915e-02],
          [ 8.7359e-02,  4.3792e-01, -8.9476e-01],
          [ 6.6567e-02,  8.9362e-01,  4.4386e-01]],

         [[ 9.9131e-01, -1.2623e-01, -3.7044e-02],
          [ 1.2421e-01,  9.9086e-01, -5.2620e-02],
          [ 4.3348e-02,  4.7561e-02,  9.9793e-01]],

         [[ 9.9189e-01, -5.3278e-03,  1.2699e-01],
          [-1.6083e-02,  9.8583e-01,  1.6697e-01],
          [-1.2608e-01, -1.6766e-01,  9.7775e-01]],

         [[ 9.8032e-01,  6.5741e-03, -1.9729e-01],
          [ 2.9092e-02,  9.8372e-01,  1.7733e-01],
          [ 1.9524e-01, -1.7959e-01,  9.6417e-01]],

         [[ 9.9733e-01,  5.1310e-03,  7.2851e-02],
          [-5.1113e-03,  9.9999e-01, -4.5660e-04],
          [-7.2853e-02,  8.3021e-05,  9.9734e-01]],

         [[ 9.7187e-01, -1.0243e-01,  2.1209e-01],
          [ 6.8491e-02,  9.8448e-01,  1.6159e-01],
          [-2.2535e-01, -1.4252e-01,  9.6380e-01]],

         [[ 9.9560e-01,  2.2868e-02,  9.0886e-02],
          [-3.2748e-02,  9.9353e-01,  1.0875e-01],
          [-8.7811e-02, -1.1125e-01,  9.8991e-01]],

         [[ 9.9113e-01,  6.4803e-02,  1.1601e-01],
          [-6.5507e-02,  9.9785e-01,  2.2632e-03],
          [-1.1561e-01, -9.8423e-03,  9.9325e-01]],

         [[ 9.7242e-01,  2.1991e-01,  7.7705e-02],
          [-1.9760e-01,  9.5379e-01, -2.2636e-01],
          [-1.2389e-01,  2.0476e-01,  9.7094e-01]],

         [[ 9.9544e-01, -8.7651e-02, -3.7529e-02],
          [ 8.3705e-02,  9.9183e-01, -9.6220e-02],
          [ 4.5656e-02,  9.2640e-02,  9.9465e-01]],

         [[ 9.9996e-01,  8.3149e-03, -4.1230e-03],
          [-8.6836e-03,  9.9501e-01, -9.9390e-02],
          [ 3.2760e-03,  9.9422e-02,  9.9504e-01]],

         [[ 6.7997e-01,  6.8825e-01, -2.5288e-01],
          [-7.2170e-01,  6.8914e-01, -6.4987e-02],
          [ 1.2955e-01,  2.2670e-01,  9.6531e-01]],

         [[ 5.6890e-01, -7.6367e-01,  3.0523e-01],
          [ 8.2224e-01,  5.3557e-01, -1.9255e-01],
          [-1.6429e-02,  3.6051e-01,  9.3261e-01]],

         [[-5.5540e-01, -3.9039e-01, -7.3425e-01],
          [-2.3073e-01,  9.2063e-01, -3.1496e-01],
          [ 7.9893e-01, -5.5176e-03, -6.0139e-01]],

         [[-5.5456e-01,  3.2129e-01,  7.6762e-01],
          [ 1.3454e-01,  9.4494e-01, -2.9831e-01],
          [-8.2120e-01, -6.2154e-02, -5.6725e-01]],

         [[ 9.4875e-01, -2.4044e-01, -2.0511e-01],
          [ 2.2105e-01,  9.6869e-01, -1.1307e-01],
          [ 2.2587e-01,  6.1939e-02,  9.7219e-01]],

         [[ 9.7840e-01,  1.4878e-01,  1.4354e-01],
          [-1.2858e-01,  9.8162e-01, -1.4103e-01],
          [-1.6188e-01,  1.1953e-01,  9.7954e-01]],

         [[ 9.9958e-01, -2.8410e-02,  6.2971e-03],
          [ 2.7986e-02,  9.9784e-01,  5.9457e-02],
          [-7.9726e-03, -5.9255e-02,  9.9821e-01]],

         [[ 1.0000e+00,  0.0000e+00,  0.0000e+00],
          [ 0.0000e+00,  1.0000e+00,  0.0000e+00],
          [ 0.0000e+00,  0.0000e+00,  1.0000e+00]],

         [[ 1.0000e+00,  0.0000e+00,  0.0000e+00],
          [ 0.0000e+00,  1.0000e+00,  0.0000e+00],
          [ 0.0000e+00,  0.0000e+00,  1.0000e+00]],

         [[ 9.9662e-01,  8.0272e-02, -1.7652e-02],
          [-7.7796e-02,  9.9061e-01,  1.1246e-01],
          [ 2.6514e-02, -1.1070e-01,  9.9350e-01]],

         [[ 9.9318e-01,  1.1127e-01,  3.4952e-02],
          [-1.0799e-01,  9.9054e-01, -8.4644e-02],
          [-4.4039e-02,  8.0292e-02,  9.9580e-01]],

         [[ 9.9526e-01, -9.6733e-02, -9.7989e-03],
          [ 9.6589e-02,  9.9522e-01, -1.4215e-02],
          [ 1.1127e-02,  1.3201e-02,  9.9985e-01]],

         [[ 9.7227e-01,  2.3272e-01, -2.3231e-02],
          [-2.2733e-01,  9.6371e-01,  1.3994e-01],
          [ 5.4955e-02, -1.3078e-01,  9.8989e-01]],

         [[ 9.9526e-01, -9.0847e-02, -3.4698e-02],
          [ 8.8066e-02,  9.9331e-01, -7.4660e-02],
          [ 4.1248e-02,  7.1251e-02,  9.9661e-01]],

         [[ 9.9868e-01, -2.5745e-02,  4.4373e-02],
          [ 1.8287e-02,  9.8679e-01,  1.6096e-01],
          [-4.7931e-02, -1.5994e-01,  9.8596e-01]],

         [[ 9.7885e-01,  1.9631e-01, -5.7490e-02],
          [-1.7886e-01,  9.5776e-01,  2.2519e-01],
          [ 9.9270e-02, -2.1015e-01,  9.7262e-01]],

         [[ 9.9062e-01,  1.5461e-02, -1.3575e-01],
          [-5.1381e-02,  9.6280e-01, -2.6529e-01],
          [ 1.2659e-01,  2.6978e-01,  9.5456e-01]],

         [[ 9.7260e-01, -2.4371e-02,  2.3120e-01],
          [-2.8606e-02,  9.7439e-01,  2.2304e-01],
          [-2.3072e-01, -2.2354e-01,  9.4699e-01]],

         [[ 9.6075e-01,  2.6973e-01, -6.4852e-02],
          [-2.6656e-01,  9.6233e-01,  5.3533e-02],
          [ 7.6848e-02, -3.4146e-02,  9.9646e-01]],

         [[ 9.8786e-01, -1.3788e-01, -7.1501e-02],
          [ 1.4124e-01,  9.8898e-01,  4.4270e-02],
          [ 6.4609e-02, -5.3832e-02,  9.9646e-01]],

         [[ 9.9251e-01,  6.4973e-02,  1.0342e-01],
          [-6.7160e-02,  9.9758e-01,  1.7803e-02],
          [-1.0201e-01, -2.4616e-02,  9.9448e-01]],

         [[ 9.9560e-01,  6.1665e-02,  7.0562e-02],
          [-7.0195e-02,  9.8960e-01,  1.2559e-01],
          [-6.2083e-02, -1.2999e-01,  9.8957e-01]],

         [[ 9.9141e-01, -1.1031e-01,  7.0326e-02],
          [ 1.1788e-01,  9.8638e-01, -1.1472e-01],
          [-5.6714e-02,  1.2202e-01,  9.9091e-01]],

         [[ 9.9847e-01, -4.0330e-02,  3.7794e-02],
          [ 4.0869e-02,  9.9907e-01, -1.3587e-02],
          [-3.7211e-02,  1.5111e-02,  9.9919e-01]],

         [[ 9.9326e-01,  1.4993e-02,  1.1497e-01],
          [-2.5951e-02,  9.9519e-01,  9.4417e-02],
          [-1.1300e-01, -9.6764e-02,  9.8887e-01]],

         [[ 9.1919e-01, -3.9167e-01,  4.1019e-02],
          [ 3.8157e-01,  8.5998e-01, -3.3888e-01],
          [ 9.7456e-02,  3.2715e-01,  9.3993e-01]],

         [[ 9.2152e-01,  3.6139e-01,  1.4214e-01],
          [-3.8581e-01,  8.9371e-01,  2.2897e-01],
          [-4.4281e-02, -2.6584e-01,  9.6300e-01]],

         [[ 9.8605e-01, -1.1065e-01,  1.2435e-01],
          [ 9.9773e-02,  9.9088e-01,  9.0565e-02],
          [-1.3324e-01, -7.6895e-02,  9.8810e-01]],

         [[ 9.9804e-01, -9.7220e-03, -6.1865e-02],
          [ 9.8441e-03,  9.9995e-01,  1.6703e-03],
          [ 6.1846e-02, -2.2760e-03,  9.9808e-01]],

         [[ 9.9918e-01, -2.1641e-02,  3.4080e-02],
          [ 2.2923e-02,  9.9903e-01, -3.7684e-02],
          [-3.3231e-02,  3.8434e-02,  9.9871e-01]],

         [[ 9.7350e-01, -7.4031e-02,  2.1637e-01],
          [ 3.8845e-02,  9.8593e-01,  1.6256e-01],
          [-2.2536e-01, -1.4985e-01,  9.6268e-01]],

         [[ 9.6232e-01, -2.6396e-01,  6.5360e-02],
          [ 2.7117e-01,  9.1360e-01, -3.0300e-01],
          [ 2.0266e-02,  3.0931e-01,  9.5075e-01]],

         [[ 9.4923e-01,  2.8517e-01, -1.3284e-01],
          [-2.0845e-01,  8.8641e-01,  4.1332e-01],
          [ 2.3562e-01, -3.6464e-01,  9.0085e-01]],

         [[ 9.8090e-01, -1.5466e-01,  1.1794e-01],
          [ 1.7262e-01,  9.7166e-01, -1.6150e-01],
          [-8.9617e-02,  1.7877e-01,  9.7980e-01]],

         [[ 9.8614e-01,  1.1092e-01,  1.2336e-01],
          [-1.3835e-01,  9.6023e-01,  2.4252e-01],
          [-9.1550e-02, -2.5623e-01,  9.6227e-01]],

         [[ 9.5608e-01, -4.8883e-02, -2.8899e-01],
          [ 6.1200e-02,  9.9756e-01,  3.3736e-02],
          [ 2.8664e-01, -4.9941e-02,  9.5674e-01]],

         [[ 9.8850e-01, -1.4786e-01, -3.1587e-02],
          [ 1.4665e-01,  9.8847e-01, -3.7620e-02],
          [ 3.6785e-02,  3.2555e-02,  9.9879e-01]],

         [[ 9.2736e-01,  3.3590e-01, -1.6484e-01],
          [-3.4738e-01,  9.3660e-01, -4.5781e-02],
          [ 1.3901e-01,  9.9717e-02,  9.8526e-01]],

         [[ 9.3574e-01, -3.1823e-01,  1.5207e-01],
          [ 3.0877e-01,  9.4752e-01,  8.2856e-02],
          [-1.7046e-01, -3.0576e-02,  9.8489e-01]]]], device='cuda:0',
       requires_grad=True), 'v_shaped': None, 'faces': array([[    3,     1,     0],
       [    7,     5,     4],
       [   12,    14,    13],
       ...,
       [ 9944, 10097, 10084],
       [ 9940, 10084, 10071],
       [10071, 10058,  9932]], dtype=uint32)}
